hellsing
frederik
feelgood
escalade
eleonora
dominiqu
delldell
daughter
contract
conquest
building
buffalo1
blacklab
babycake
7777777a
31121986
31121985
31051991
31051987
30121988
30121985
30101988
30061988
29041988
27091991
26121989
26061989
26031991
25111991
25031984
25021986
24121989
24121988
24101990
24101984
24071992
24051989
24041986
23091991
23061987
23041988
23021992
23021983
22111988
22091990
22091984
22051988
21111986
21101988
21101987
21091989
21051990
21021989
20101987
20071984
20051983
20031990
20031985
20011983
1passwor
19111985
19081987
19051983
19041985
18121990
18121985
18121812
18091987
17121985
17111987
17071987
17071986
17061987
17041986
17041985
16121991
16101986
16041988
16041985
16031986
16021988
16011986
15121983
15101991
15061984
15011988
14091987
14061988
14051983
13101992
13101988
13101982
13071989
13071985
13061991
13051990
13031989
1234567890-
12101989
12071984
12061987
12041991
12031990
12021984
11091986
11091985
11081986
10101988
10101980
10091986
10091985
10081987
10051988
10021987
10021986
09041985
09031987
08041985
08031987
07061988
07041989
07021980
06011982
05121988
05061989
05051986
04031991
03071985
03061986
03061985
03031987
03031984
03011991
02111987
02061990
02011971
01091988
01071990
01061983
01051980
01022010
volleyba
virginie
treefrog
therock1
tennesse
success1
stockton
skinhead
qwqwqwqw
playmate
piercing
password9
painting
nineball
mohammad
matchbox
lfitymrf
laetitia
jellybean
goldeneye
erection
entrance
elisabet
elements
eclipse1
eatmenow
clemente
charlie2
cassandra
cashmoney
bobmarley
baracuda
alcatraz
31051982
30051988
30051986
29111988
29051992
29041989
29031990
28121989
28071985
28021983
27111990
27071988
26071984
26061991
26021992
26011990
26011986
25091991
25091989
25081989
25071987
25071985
25071983
25051988
25051980
25041987
25021985
24101991
24101988
24071990
24061985
24041985
24041984
23111986
23101987
23041991
23031983
22071992
22071988
21121989
21111989
21111983
21101983
21041991
21041987
21031986
21021990
21021988
20081990
20061991
20061987
20032003
20031992
1qw23er4
1q1q1q1q
19121988
19081986
19071989
19041986
18111983
18071990
18071989
18071986
18031986
17121987
17091985
17071990
17051983
16091990
15081989
15071990
15051992
15051989
15031991
15011990
14031986
13091988
13091987
13091986
13081986
13071982
13051986
13041989
13021991
1234rewq
12111984
12091986
12081993
12071992
12021990
11111991
11091990
11061987
11061986
11061984
11041985
11031986
10041984
10031980
10011980
09051984
08071985
07081984
07041988
06101989
06061988
06041984
05091987
05081992
05081986
05071985
05041985
04111991
04071987
04021990
03091988
03061988
03041989
03041984
03031991
02091978
01071988
01061992
01041993
01041983
01031981
weare138
vanessa1
usmarine
sniffing
rfhfylfi
rachelle
qwerasdfzxcv
patches1
password99
muhammad
morrowind
mallrats
macintos
macaroni
lunchbox
kcchiefs
istheman
implants
ghjcnbnenrf
gabriele
forever1
Fktrcfylh
experienced
dragonballz
chouchou
cheerleaers
charisma
celebrity
cardinals
captain1
bubbles1